#### 日経225の銘柄について ####
$ python ./golden_core30_plus_alpha.py -sd 20170101 -ed 20200424 -cs 7013 8304 3407 2502 2802 4503 6857 6113 6770 8267 7202 5019 8001 4208 4523 5201 9202 6472 9613 9437 6361 8725 2413 6103 9532 3861 4578 1802 6703 9007 6645 7733 4452 6952 1812 9107 7012 9503 2801 7751 6971 4151 2503 6326 3405 8253 9008 9009 9433 5406 1605 9766 4902 6301 1721 7186 4751 2501 3436 6674 5411 5020 6473 3086 4507 8355 4911 7762 1803 9104 4004 4063 8303 5401 9412 7735 7269 7270 5232 4005 5713 6302 8053 5802 8830 6724 1928 9735 4689 3382 2768 6758 8729 9984 8630 4568 8750 6367 1801 7912 4506 5541 5233 6976 1925 8601 8233 2531 4502 8331 4519 9502 8795 2432 3401 6762 4631 4543 4061 6902 4324 5301 9022 3289 8035 8766 9531 9005 8804 9501 4042 5332 9001 9602 5707 5901 3101 3402 5714 4043 7911 7203 8015 4704 7731 9021 2871 1963 4021 7201 2002 3105 6988 5202 5333 4272 5703 1332 6471 3863 5631 4041 2914 9062 6701 5214 9432 2282 6178 9101 8604 1808 6752 7832 9020 6305 6501 7004 7205 9983 6954 8028 8354 5803 6702 6504 4901 5108 5801 7267 8628 7261 8252 1333 8002 8411 7003 4183 5706 8309 8316 8031 8801 3099 4188 7211 7011 8058 9301 8802 6503 5711 8306 6479 2269 6506 9064 7951 7272 3103 6841 5101 6098 7752 8308

現在の預り金: 1267349
投資総額: 1000000
総利益（税引き前）: 331306
（源泉徴収)税金合計: 67304
手数料合計: 28522
保有銘柄 銘柄コード: defaultdict(<class 'simulator.OwnedStock'>, {})
勝率: 50.0 %
ペイオフレシオ: 1.9066766646506497
プロフィットファクター: 1.9066766646506497
最大ドローダウン: 0.14445
シャープレシオ: 0.04437
ソルティノレシオ: 0.06485
カルマーレシオ: 0.00013


$ python ./golden_core30_plus_alpha.py -dep 3000000 -sd 20170101 -ed 20200424 -cs 7013 8304 3407 2502 2802 4503 6857 6113 6770 8267 7202 5019 8001 4208 4523 5201 9202 6472 9613 9437 6361 8725 2413 6103 9532 3861 4578 1802 6703 9007 6645 7733 4452 6952 1812 9107 7012 9503 2801 7751 6971 4151 2503 6326 3405 8253 9008 9009 9433 5406 1605 9766 4902 6301 1721 7186 4751 2501 3436 6674 5411 5020 6473 3086 4507 8355 4911 7762 1803 9104 4004 4063 8303 5401 9412 7735 7269 7270 5232 4005 5713 6302 8053 5802 8830 6724 1928 9735 4689 3382 2768 6758 8729 9984 8630 4568 8750 6367 1801 7912 4506 5541 5233 6976 1925 8601 8233 2531 4502 8331 4519 9502 8795 2432 3401 6762 4631 4543 4061 6902 4324 5301 9022 3289 8035 8766 9531 9005 8804 9501 4042 5332 9001 9602 5707 5901 3101 3402 5714 4043 7911 7203 8015 4704 7731 9021 2871 1963 4021 7201 2002 3105 6988 5202 5333 4272 5703 1332 6471 3863 5631 4041 2914 9062 6701 5214 9432 2282 6178 9101 8604 1808 6752 7832 9020 6305 6501 7004 7205 9983 6954 8028 8354 5803 6702 6504 4901 5108 5801 7267 8628 7261 8252 1333 8002 8411 7003 4183 5706 8309 8316 8031 8801 3099 4188 7211 7011 8058 9301 8802 6503 5711 8306 6479 2269 6506 9064 7951 7272 3103 6841 5101 6098 7752 8308

現在の預り金: 3202107
投資総額: 3000000
総利益（税引き前）: 244599
（源泉徴収)税金合計: 49690
手数料合計: 53523
保有銘柄 銘柄コード: defaultdict(<class 'simulator.OwnedStock'>, {})
勝率: 46.808510638297875 %
ペイオフレシオ: 1.5210295147817983
プロフィットファクター: 1.5210295147817983
最大ドローダウン: 0.11551
シャープレシオ: 0.02165
ソルティノレシオ: 0.03111
カルマーレシオ: 4e-05


$ python ./golden_core30_plus_alpha.py -dep 10000000 -sd 20170101 -ed 20200424 -cs 7013 8304 3407 2502 2802 4503 6857 6113 6770 8267 7202 5019 8001 4208 4523 5201 9202 6472 9613 9437 6361 8725 2413 6103 9532 3861 4578 1802 6703 9007 6645 7733 4452 6952 1812 9107 7012 9503 2801 7751 6971 4151 2503 6326 3405 8253 9008 9009 9433 5406 1605 9766 4902 6301 1721 7186 4751 2501 3436 6674 5411 5020 6473 3086 4507 8355 4911 7762 1803 9104 4004 4063 8303 5401 9412 7735 7269 7270 5232 4005 5713 6302 8053 5802 8830 6724 1928 9735 4689 3382 2768 6758 8729 9984 8630 4568 8750 6367 1801 7912 4506 5541 5233 6976 1925 8601 8233 2531 4502 8331 4519 9502 8795 2432 3401 6762 4631 4543 4061 6902 4324 5301 9022 3289 8035 8766 9531 9005 8804 9501 4042 5332 9001 9602 5707 5901 3101 3402 5714 4043 7911 7203 8015 4704 7731 9021 2871 1963 4021 7201 2002 3105 6988 5202 5333 4272 5703 1332 6471 3863 5631 4041 2914 9062 6701 5214 9432 2282 6178 9101 8604 1808 6752 7832 9020 6305 6501 7004 7205 9983 6954 8028 8354 5803 6702 6504 4901 5108 5801 7267 8628 7261 8252 1333 8002 8411 7003 4183 5706 8309 8316 8031 8801 3099 4188 7211 7011 8058 9301 8802 6503 5711 8306 6479 2269 6506 9064 7951 7272 3103 6841 5101 6098 7752 8308

現在の預り金: 11266222
投資総額: 10000000
総利益（税引き前）: 1548870
（源泉徴収)税金合計: 314652
手数料合計: 110361
保有銘柄 銘柄コード: defaultdict(<class 'simulator.OwnedStock'>, {})


$ python ./golden_core30_plus_alpha.py -sd 20190101 -ed 20191231 -cs 7013 8304 3407 2502 2802 4503 6857 6113 6770 8267 7202 5019 8001 4208 4523 5201 9202 6472 9613 9437 6361 8725 2413 6103 9532 3861 4578 1802 6703 9007 6645 7733 4452 6952 1812 9107 7012 9503 2801 7751 6971 4151 2503 6326 3405 8253 9008 9009 9433 5406 1605 9766 4902 6301 1721 7186 4751 2501 3436 6674 5411 5020 6473 3086 4507 8355 4911 7762 1803 9104 4004 4063 8303 5401 9412 7735 7269 7270 5232 4005 5713 6302 8053 5802 8830 6724 1928 9735 4689 3382 2768 6758 8729 9984 8630 4568 8750 6367 1801 7912 4506 5541 5233 6976 1925 8601 8233 2531 4502 8331 4519 9502 8795 2432 3401 6762 4631 4543 4061 6902 4324 5301 9022 3289 8035 8766 9531 9005 8804 9501 4042 5332 9001 9602 5707 5901 3101 3402 5714 4043 7911 7203 8015 4704 7731 9021 2871 1963 4021 7201 2002 3105 6988 5202 5333 4272 5703 1332 6471 3863 5631 4041 2914 9062 6701 5214 9432 2282 6178 9101 8604 1808 6752 7832 9020 6305 6501 7004 7205 9983 6954 8028 8354 5803 6702 6504 4901 5108 5801 7267 8628 7261 8252 1333 8002 8411 7003 4183 5706 8309 8316 8031 8801 3099 4188 7211 7011 8058 9301 8802 6503 5711 8306 6479 2269 6506 9064 7951 7272 3103 6841 5101 6098 7752 8308

現在の預り金: 1067986
投資総額: 1000000
総利益（税引き前）: 83567
（源泉徴収)税金合計: 16976
手数料合計: 7908
保有銘柄 銘柄コード: defaultdict(<class 'simulator.OwnedStock'>, {})


$ python ./golden_core30_plus_alpha.py -sd 20180101 -ed 20181231 -cs 7013 8304 3407 2502 2802 4503 6857 6113 6770 8267 7202 5019 8001 4208 4523 5201 9202 6472 9613 9437 6361 8725 2413 6103 9532 3861 4578 1802 6703 9007 6645 7733 4452 6952 1812 9107 7012 9503 2801 7751 6971 4151 2503 6326 3405 8253 9008 9009 9433 5406 1605 9766 4902 6301 1721 7186 4751 2501 3436 6674 5411 5020 6473 3086 4507 8355 4911 7762 1803 9104 4004 4063 8303 5401 9412 7735 7269 7270 5232 4005 5713 6302 8053 5802 8830 6724 1928 9735 4689 3382 2768 6758 8729 9984 8630 4568 8750 6367 1801 7912 4506 5541 5233 6976 1925 8601 8233 2531 4502 8331 4519 9502 8795 2432 3401 6762 4631 4543 4061 6902 4324 5301 9022 3289 8035 8766 9531 9005 8804 9501 4042 5332 9001 9602 5707 5901 3101 3402 5714 4043 7911 7203 8015 4704 7731 9021 2871 1963 4021 7201 2002 3105 6988 5202 5333 4272 5703 1332 6471 3863 5631 4041 2914 9062 6701 5214 9432 2282 6178 9101 8604 1808 6752 7832 9020 6305 6501 7004 7205 9983 6954 8028 8354 5803 6702 6504 4901 5108 5801 7267 8628 7261 8252 1333 8002 8411 7003 4183 5706 8309 8316 8031 8801 3099 4188 7211 7011 8058 9301 8802 6503 5711 8306 6479 2269 6506 9064 7951 7272 3103 6841 5101 6098 7752 8308

現在の預り金: 902410
投資総額: 1000000
総利益（税引き前）: -98194
（源泉徴収)税金合計: 0
手数料合計: 7135
保有銘柄 銘柄コード: defaultdict(<class 'simulator.OwnedStock'>, {})


$ python ./golden_core30_plus_alpha.py -sd 20170101 -ed 20171231 -cs 7013 8304 3407 2502 2802 4503 6857 6113 6770 8267 7202 5019 8001 4208 4523 5201 9202 6472 9613 9437 6361 8725 2413 6103 9532 3861 4578 1802 6703 9007 6645 7733 4452 6952 1812 9107 7012 9503 2801 7751 6971 4151 2503 6326 3405 8253 9008 9009 9433 5406 1605 9766 4902 6301 1721 7186 4751 2501 3436 6674 5411 5020 6473 3086 4507 8355 4911 7762 1803 9104 4004 4063 8303 5401 9412 7735 7269 7270 5232 4005 5713 6302 8053 5802 8830 6724 1928 9735 4689 3382 2768 6758 8729 9984 8630 4568 8750 6367 1801 7912 4506 5541 5233 6976 1925 8601 8233 2531 4502 8331 4519 9502 8795 2432 3401 6762 4631 4543 4061 6902 4324 5301 9022 3289 8035 8766 9531 9005 8804 9501 4042 5332 9001 9602 5707 5901 3101 3402 5714 4043 7911 7203 8015 4704 7731 9021 2871 1963 4021 7201 2002 3105 6988 5202 5333 4272 5703 1332 6471 3863 5631 4041 2914 9062 6701 5214 9432 2282 6178 9101 8604 1808 6752 7832 9020 6305 6501 7004 7205 9983 6954 8028 8354 5803 6702 6504 4901 5108 5801 7267 8628 7261 8252 1333 8002 8411 7003 4183 5706 8309 8316 8031 8801 3099 4188 7211 7011 8058 9301 8802 6503 5711 8306 6479 2269 6506 9064 7951 7272 3103 6841 5101 6098 7752 8308

現在の預り金: 1313952
投資総額: 1000000
総利益（税引き前）: 392818
（源泉徴収)税金合計: 79800
手数料合計: 8478
保有銘柄 銘柄コード: defaultdict(<class 'simulator.OwnedStock'>, {})


$ python ./golden_core30_plus_alpha.py -sd 20160101 -ed 20161231 -cs 7013 8304 3407 2502 2802 4503 6857 6113 6770 8267 7202 5019 8001 4208 4523 5201 9202 6472 9613 9437 6361 8725 2413 6103 9532 3861 4578 1802 6703 9007 6645 7733 4452 6952 1812 9107 7012 9503 2801 7751 6971 4151 2503 6326 3405 8253 9008 9009 9433 5406 1605 9766 4902 6301 1721 7186 4751 2501 3436 6674 5411 5020 6473 3086 4507 8355 4911 7762 1803 9104 4004 4063 8303 5401 9412 7735 7269 7270 5232 4005 5713 6302 8053 5802 8830 6724 1928 9735 4689 3382 2768 6758 8729 9984 8630 4568 8750 6367 1801 7912 4506 5541 5233 6976 1925 8601 8233 2531 4502 8331 4519 9502 8795 2432 3401 6762 4631 4543 4061 6902 4324 5301 9022 3289 8035 8766 9531 9005 8804 9501 4042 5332 9001 9602 5707 5901 3101 3402 5714 4043 7911 7203 8015 4704 7731 9021 2871 1963 4021 7201 2002 3105 6988 5202 5333 4272 5703 1332 6471 3863 5631 4041 2914 9062 6701 5214 9432 2282 6178 9101 8604 1808 6752 7832 9020 6305 6501 7004 7205 9983 6954 8028 8354 5803 6702 6504 4901 5108 5801 7267 8628 7261 8252 1333 8002 8411 7003 4183 5706 8309 8316 8031 8801 3099 4188 7211 7011 8058 9301 8802 6503 5711 8306 6479 2269 6506 9064 7951 7272 3103 6841 5101 6098 7752 8308

現在の預り金: 944205
投資総額: 1000000
総利益（税引き前）: -56319
（源泉徴収)税金合計: 0
手数料合計: 4495
保有銘柄 銘柄コード: defaultdict(<class 'simulator.OwnedStock'>, {})


### レーティング情報から計算 ###
$ python ./rating_trade_plus_alpha.py -sd 20171231 -ed 20200426

現在の預り金: 2803432
投資総額: 2400000
総利益（税引き前）: 501078
（源泉徴収)税金合計: 101793
手数料合計: 21955
保有銘柄 銘柄コード: defaultdict(<class 'simulator.OwnedStock'>, {})


$ python ./rating_trade_plus_alpha.py -sd 20170101 -ed 20200426

現在の預り金: 4712302
投資総額: 3000000
総利益（税引き前）: 2137145
（源泉徴収)税金合計: 434161
手数料合計: 32837
保有銘柄 銘柄コード: defaultdict(<class 'simulator.OwnedStock'>, {})
勝率: 54.839 %
ペイオフレシオ: 1.6485593728410888
プロフィットファクター: 1.6485593728410888
最大ドローダウン: 0.30692
シャープレシオ: 0.04562
ソルティノレシオ: 0.07274
カルマーレシオ: 0.00058


$ python ./rating_trade.py -sd 20171231 -ed 20200426

現在の預り金: 2655416
投資総額: 2400000
総利益（税引き前）: 311128
（源泉徴収)税金合計: 63205
手数料合計: 16499
保有銘柄 銘柄コード: defaultdict(<class 'simulator.OwnedStock'>, {})


$ python ./rating_trade.py -sd 20170101 -ed 20200426

現在の預り金: 2884741
投資総額: 3000000
総利益（税引き前）: -123512
（源泉徴収)税金合計: 0
手数料合計: 29319
保有銘柄 銘柄コード: defaultdict(<class 'simulator.OwnedStock'>, {})


#####################
20200430

(stock) C:\Users\shingo\jupyter_notebook\stock_work\03.stock_repo\sqlite_analysis>python ./original_trade.py -sd 20151101 -ed 20200101

現在の預り金: 1181161
投資総額: 1000000
総利益（税引き前）: 223409
（源泉徴収)税金合計: 45385
手数料合計: 11024
保有銘柄 銘柄コード: defaultdict(<class 'simulator.OwnedStock'>, {})
勝率: 58.974 %
ペイオフレシオ: 1.08947
プロフィットファクター: 1.56611
最大ドローダウン: 23.543 %
シャープレシオ: 0.02461
ソルティノレシオ: 0.03455
カルマーレシオ: 0.0001


(stock) C:\Users\shingo\jupyter_notebook\stock_work\03.stock_repo\sqlite_analysis>python ./original_trade.py -sd 20150101
現在の預り金: 743513
投資総額: 1000000
総利益（税引き前）: -259611
（源泉徴収)税金合計: 0
手数料合計: 12787
保有銘柄 銘柄コード: defaultdict(<class 'simulator.OwnedStock'>, {})
勝率: 43.478 %
ペイオフレシオ: 0.85494
プロフィットファクター: 0.65764
最大ドローダウン: 36.357 %
シャープレシオ: -0.01716
ソルティノレシオ: -0.02318
カルマーレシオ: -6e-05
